0 25 132 94 44 1052 2 710 104 302 470 16
31 0 0 0 2 0 0 0 0 0 0 12
120 1 0 2 20 58 0 97 0 24 10 0
50 6 6 0 0 64 2 2 67 0 41 0
16 0 39 0 0 46 0 6 0 60 3 4
1162 14 30 98 45 0 4 514 57 72 90 4
7 0 0 6 0 10 0 0 0 0 0 0
788 0 36 6 17 392 4 0 6 191 48 0
208 0 1 20 0 22 6 22 0 10 78 0
144 0 87 0 32 260 0 124 21 0 3 0
386 0 0 11 2 188 2 26 114 6 0 0
18 0 0 0 12 0 4 0 0 3 0 0


0 0.011106175 0.058640604 0.019546868 0.467347845 0.000888494 0.00444247 0.134162594 0.208796091 0.007107952
0.688888889 0 0 0.044444444 0 0 0 0 0 0.266666667
0.361445783 0.003012048 0 0.060240964 0.174698795 0 0.292168675 0.072289157 0.030120482 0
0.210084034 0.025210084 0.025210084 0 0.268907563 0.008403361 0.008403361 0 0.172268908 0
0.091954023 0 0.224137931 0 0.264367816 0 0.034482759 0.344827586 0.017241379 0.022988506
0.555980861 0.006698565 0.014354067 0.0215311 0 0.001913876 0.245933014 0.034449761 0.043062201 0.001913876
0.304347826 0 0 0 0.434782609 0 0 0 0 0
0.529569892 0 0.024193548 0.011424731 0.26344086 0.002688172 0 0.128360215 0.032258065 0
0.566757493 0 0.002724796 0 0.059945504 0.016348774 0.059945504 0.027247956 0.21253406 0
0.214605067 0 0.129657228 0.047690015 0.387481371 0 0.184798808 0 0.004470939 0
0.525170068 0 0 0.002721088 0.255782313 0.002721088 0.03537415 0.008163265 0 0
0.486486486 0 0 0.324324324 0 0.108108108 0 0.081081081 0 0